   9 101    909 11.222 .442 .861     2.68    402    783    150 0
   1  27     27 27.000 .593 1.00     4.00     16     27      4 0
   7 213   1491 30.429 .199 .733     1.25    296   1093    237 0
   9 104    936 11.556 .282 .904     1.93    264    846    137 0
   7  18    126  2.571 .270 .714     1.36     34     90     25 0
   9  42    378  4.667 .344 .931     2.13    130    352     61 0
   8  17    136  2.125 .265 .566     1.71     36     77     21 0
   6   2     12   .333 .583 1.00     7.00      7     12      1 0
   9  36    324  4.000 .611 .926     3.36    198    300     59 0
  10  67    670  6.700 .291 .649     2.17    195    435     90 0
   8  69    552  8.625 .415 .984     2.16    229    543    106 0
   2   7     14  3.500 .500 .929     3.50      7     13      2 0
   7 107    749 15.286 .270 .654     1.60    202    490    126 0
  12  42    504  3.500 .355 .788     2.71    179    397     66 0
   8  80    640 10.000 .184 .544     1.40    118    348     84 0
  12 128   1536 10.667 .339 .737     2.91    520   1132    179 0
   1 126    126 126.00 .992 1.00   125.00    125    126      1 1
  13  10    130   .769 .300 .808     6.50     39    105      6 0
   2 535   1070 267.50 .550 .586   117.80    589    627      5 1
   9  34    306  3.778 .366 .846     2.38    112    259     47 0
   8  40    320  5.000 .409 .997     2.22    131    319     59 0
  11   1     11   .091 1.00 1.00    11.00     11     11      1 1
  12 104   1248  8.667 .335 .758     2.46    418    946    170 0
  14  34    476  2.429 .279 .851     3.09    133    405     43 0
   1  16     16 16.000 .938 1.00    15.00     15     16      1 1
   3 544   1632 181.33 .326 .406    16.12    532    662     33 1
   9  21    189  2.333 .317 .778     2.61     60    147     23 0
   9  40    360  4.444 .319 .919     2.35    115    331     49 0
   1  19     19 19.000 .684 1.00     4.33     13     19      3 1
   8  43    344  5.375 .212 .721     1.40     73    248     52 0
  12 117   1404  9.750 .231 .712     1.68    324   1000    193 0
   4  89    356 22.250 .340 .916     1.64    121    326     74 0
   7  35    245  5.000 .482 .841     2.81    118    206     42 0
  11 427   4697 38.818 .566 .570   189.79   2657   2676     14 1
  18  64   1152  3.556 .261 .705     3.24    301    812     93 0
  10  34    340  3.400 .426 .656     3.02    145    223     48 0
  25  71   1775  2.840 .234 .748     2.22    416   1328    187 0
   9  71    639  7.889 .390 .768     2.44    249    491    102 0
   1  79     79 79.000 .608 1.00     6.86     48     79      7 1
   5  39    195  7.800 .328 .744     2.06     64    145     31 0
   6   6     36  1.000 .306 .556     3.67     11     20      3 0
  31 105   3255  3.387 .242 .456     4.89    787   1485    161 1
   1  14     14 14.000 1.00 1.00    14.00     14     14      1 1
  29  48   1392  1.655 .116 .268     5.06    162    373     32 1
   1 537    537 537.00 1.00 1.00   537.00    537    537      1 1
  10  13    130  1.300 .108 .685     2.33     14     89      6 0
  22  72   1584  3.273 .520 .856    10.04    823   1356     82 0
   6  99    594 16.500 .301 .803     1.46    179    477    123 0
  24  96   2304  4.000 .208 .504     3.18    480   1161    151 0
   1  86     86 86.000 .930 1.00    40.00     80     86      2 1
   8   6     48   .750 .583 .813     7.00     28     39      4 0
   9   9     81  1.000 .383 .802     2.38     31     65     13 0
   9  63    567  7.000 .289 .778     1.98    164    441     83 0
   4  47    188 11.750 .298 .739     2.33     56    139     24 0
   1 187    187 187.00 .963 1.00    25.71    180    187      7 1
   7  32    224  4.571 .339 .786     1.46     76    176     52 0
   9 121   1089 13.444 .399 .843     2.40    434    918    181 0
  10  97    970  9.700 .423 .832     2.48    410    807    165 0
  13  85   1105  6.538 .327 .633     2.76    361    700    131 0
   8  13    104  1.625 .587 .837     4.69     61     87     13 0
   9  32    288  3.556 .333 .861     1.68     96    248     57 0
   4   8     32  2.000 .344 .781     1.83     11     25      6 0
   7  17    119  2.429 .454 .866     3.18     54    103     17 0
   7   1      7   .143 1.00 1.00     7.00      7      7      1 1
  12  25    300  2.083 .320 .643     2.59     96    193     37 0
   5  13     65  2.600 .308 .831     1.82     20     54     11 0
   1  11     11 11.000 .727 1.00     4.00      8     11      2 1
  22  69   1518  3.136 .516 .848    10.59    784   1287     74 0
  11 100   1100  9.091 .456 .882     3.04    502    970    165 0
  12 410   4920 34.167 .324 .706     2.47   1595   3474    645 0
   1  34     34 34.000 .471 1.00     1.07     16     34     15 1
  18  48    864  2.667 .264 .524     4.30    228    453     53 0
  13 487   6331 37.462 .247 .630     2.10   1564   3988    745 0
   9  47    423  5.222 .307 .872     2.03    130    369     64 0
  11 104   1144  9.455 .377 .779     2.57    431    891    168 0
   9 108    972 12.000 .449 .868     2.55    436    844    171 0
 136   1    136   .007 .993 1.00   135.00    135    136      1 1
   9  21    189  2.333 .429 .772     3.00     81    146     27 0
   8  96    768 12.000 .111 .479     1.35     85    368     63 0
   8 245   1960 30.625 .198 .555     1.36    389   1088    286 0
  22  70   1540  3.182 .525 .838    11.54    808   1290     70 0
  10  65    650  6.500 .445 .911     2.58    289    592    112 0
  12 414   4968 34.500 .313 .734     2.30   1554   3646    675 0
   7  21    147  3.000 .313 .966     1.48     46    142     31 0
   2  52    104 26.000 .144 .702     2.50     15     73      6 0
  11   8     88   .727 .261 1.00     2.09     23     88     11 0
   7   9     63  1.286 .365 .857     1.77     23     54     13 0
  11 101   1111  9.182 .398 .888     2.76    442    987    160 0
   7   1      7   .143 1.00 1.00     7.00      7      7      1 1
  12  14    168  1.167 .357 .958     2.31     60    161     26 0
   7  49    343  7.000 .297 .641     2.08    102    220     49 0
   8  27    216  3.375 .218 .829     2.14     47    179     22 0
   1 283    283 283.00 .993 1.00   140.50    281    283      2 1
   6  12     72  2.000 .319 .653     2.09     23     47     11 0
  47 286  13442  6.085 .183 .317     4.67   2459   4258    526 1
   9  21    189  2.333 .529 .958     3.33    100    181     30 0
  11   9     99   .818 .515 .768     8.50     51     76      6 0
   9  36    324  4.000 .549 .914     3.30    178    296     54 0
   1  19     19 19.000 .632 1.00     4.00     12     19      3 1
   1  42     42 42.000 .190 1.00     1.60      8     42      5 1
   3 113    339 37.667 .357 .378    30.25    121    128      4 1
  11  42    462  3.818 .335 .829     2.25    155    383     69 0
   4   5     20  1.250 .350 .800     2.33      7     16      3 1
   8  48    384  6.000 .302 .914     1.76    116    351     66 0
  25   9    225   .360 .187 .436     2.47     42     98     17 1
  37  20    740   .541 .131 .193     4.22     97    143     23 1
  18 168   3024  9.333 .187 .730     2.34    564   2207    241 0
   5  12     60  2.400 .317 .750     1.46     19     45     13 0
   8  27    216  3.375 .269 .764     1.29     58    165     45 0
  91 285  25935  3.132 .158 .165   113.89   4100   4287     36 1
  19   2     38   .105 .816 .816    31.00     31     31      1 1
  23  87   2001  3.783 .286 .671     2.36    572   1342    242 0
   1  32     32 32.000 .469 1.00     1.88     15     32      8 1
  12  73    876  6.083 .259 .743     2.10    227    651    108 0
  11 413   4543 37.545 .356 .806     2.44   1619   3662    664 0
   7  49    343  7.000 .318 .735     1.54    109    252     71 0
   1 131    131 131.00 .977 1.00    64.00    128    131      2 1
  10  22    220  2.200 .491 .932     3.72    108    205     29 0
   7  26    182  3.714 .330 .786     2.07     60    143     29 0
   8  17    136  2.125 .529 .853     2.88     72    116     25 0
  12 118   1416  9.833 .255 .700     2.06    361    991    175 0
   9  45    405  5.000 .442 .956     3.31    179    387     54 0
  10  47    470  4.700 .336 .628     2.26    158    295     70 0
   3  11     33  3.667 .364 .667     3.00     12     22      4 1
  15 300   4500 20.000 .252 .576     2.36   1136   2594    481 0
   8  70    560  8.750 .388 .841     2.21    217    471     98 0
  11  74    814  6.727 .267 .628     2.21    217    511     98 0
   6  12     72  2.000 .139 .514     1.43     10     37      7 1
  11  98   1078  8.909 .317 .643     2.80    342    693    122 0
   9  47    423  5.222 .404 .943     1.99    171    399     86 0
   8  41    328  5.125 .351 .963     1.92    115    316     60 0
   2  17     34  8.500 .324 1.00     2.75     11     34      4 0
   8  25    200  3.125 .280 .825     1.60     56    165     35 0
   8 123    984 15.375 .255 .827     1.71    251    814    147 0
   1  15     15 15.000 .867 1.00     6.50     13     15      2 1
   6  50    300  8.333 .327 .777     2.00     98    233     49 0
   7 125    875 17.857 .270 .858     1.40    236    751    168 0
   7  22    154  3.143 .156 .519     1.60     24     80     15 0
   8  48    384  6.000 .310 .807     1.92    119    310     62 0
   5  29    145  5.800 .400 .890     1.87     58    129     31 0
   8  45    360  5.625 .156 .725     1.87     56    261     30 0
   7  18    126  2.571 .119 .452     2.14     15     57      7 0
   8  32    256  4.000 .402 .898     1.81    103    230     57 0
  13 217   2821 16.692 .361 .686     3.05   1019   1934    334 0
  11  22    242  2.000 .417 .694     4.04    101    168     25 0
   2 157    314 78.500 .506 .551    26.50    159    173      6 1
   8  21    168  2.625 .381 .845     1.88     64    142     34 0
   7  71    497 10.143 .394 .958     1.87    196    476    105 0
   5 116    580 23.200 .376 .784     2.18    218    455    100 0
   4  17     68  4.250 .309 .559     3.50     21     38      6 0
   3 538   1614 179.33 .370 .424    22.11    597    685     27 1
   6   4     24   .667 .417 .708     2.50     10     17      4 0
   7  41    287  5.857 .185 .638     1.51     53    183     35 0
   9  81    729  9.000 .357 .863     2.22    260    629    117 0
  10 105   1050 10.500 .234 .811     1.70    246    852    145 0
   6  69    414 11.500 .280 .744     1.40    116    308     83 0
  10 272   2720 27.200 .211 .772     1.43    573   2101    401 0
   4   2      8   .500 .875 .875     7.00      7      7      1 1
   9  24    216  2.667 .356 .907     2.20     77    196     35 0
  12  44    528  3.667 .294 .742     2.31    155    392     67 0
  30  61   1830  2.033 .157 .483     1.88    288    884    153 1
   9  47    423  5.222 .286 .738     1.95    121    312     62 0
   1  70     70 70.000 1.00 1.00    70.00     70     70      1 1
   8   7     56   .875 .393 .946     2.00     22     53     11 0
   9   5     45   .556 .378 .933     2.83     17     42      6 0
   8  75    600  9.375 .415 .910     2.37    249    546    105 0
  11  90    990  8.182 .362 .808     2.82    358    800    127 0
   9  69    621  7.667 .343 .876     1.75    213    544    122 0
  10  33    330  3.300 .282 .839     1.82     93    277     51 0
  11  30    330  2.727 .379 .739     3.05    125    244     41 0
   6  24    144  4.000 .292 .764     1.56     42    110     27 0
   4  11     44  2.750 .364 .955     1.33     16     42     12 0
  11   8     88   .727 .727 .989    10.67     64     87      6 0
   7  18    126  2.571 .310 .960     1.39     39    121     28 0
   3 537   1611 179.00 .345 .405    22.24    556    652     25 1
   9  40    360  4.444 .356 .967     2.29    128    348     56 0
   1  36     36 36.000 .583 1.00     4.20     21     36      5 1
   2 538   1076 269.00 .518 .596    29.32    557    641     19 1
  10  35    350  3.500 .420 .826     2.23    147    289     66 0
   5  16     80  3.200 .313 .813     2.08     25     65     12 0
   1 196    196 196.00 .980 1.00    64.00    192    196      3 1
   1  14     14 14.000 1.00 1.00    14.00     14     14      1 1
   6  18    108  3.000 .287 .741     4.43     31     80      7 0
   1  37     37 37.000 .811 1.00     6.00     30     37      5 1
  10 126   1260 12.600 .410 .833     2.63    516   1049    196 0
   6  28    168  4.667 .292 .875     1.29     49    147     38 0
 197 198  39006  1.005 .273 .332    46.93  10654  12964    227 1
  11  89    979  8.091 .170 .706     2.72    166    691     61 0
   3 129    387 43.000 .305 .377    11.80    118    146     10 1
   8   1      8   .125 .875 1.00     7.00      7      8      1 1
   9  34    306  3.778 .337 .817     1.81    103    250     57 0
   8 271   2168 33.875 .217 .786     1.29    470   1704    364 0
   9  55    495  6.111 .299 1.00     1.92    148    495     77 0
   7  14     98  2.000 .337 .990     1.65     33     97     20 0
  10  21    210  2.100 .329 .843     2.56     69    177     27 0
   9 130   1170 14.444 .513 .925     2.86    600   1082    210 0
   1  18     18 18.000 .500 1.00     3.00      9     18      3 1
   6  50    300  8.333 .213 .577     1.31     64    173     49 0
   6   7     42  1.167 .262 .786     1.83     11     33      6 0
  10  79    790  7.900 .347 .784     2.25    274    619    122 0
  10 152   1520 15.200 .297 .778     2.17    452   1182    208 0
   9  36    324  4.000 .531 .938     2.82    172    304     61 0
   7  54    378  7.714 .267 .619     1.42    101    234     71 0
   7   1      7   .143 1.00 1.00     7.00      7      7      1 1
   5  50    250 10.000 .360 .812     1.58     90    203     57 0
  12 497   5964 41.417 .269 .594     2.44   1605   3544    658 0
  22  72   1584  3.273 .469 .848     8.64    743   1343     86 0
  11  99   1089  9.000 .230 .601     2.14    250    654    117 0
   1  11     11 11.000 .909 1.00    10.00     10     11      1 1
   1  75     75 75.000 .920 1.00    11.50     69     75      6 1
  12   8     96   .667 .198 1.00     2.11     19     96      9 0
  21   4     84   .190 .310 .643     3.71     26     54      7 1
   6  89    534 14.833 .298 .758     1.61    159    405     99 0
  84   1     84   .012 1.00 1.00    84.00     84     84      1 1
  36  43   1548  1.194 .117 .183     3.07    181    283     59 1
 168 145  24360   .863 .798 .963    13.06  19430  23457   1488 1
  13 151   1963 11.615 .302 .726     2.59    593   1425    229 0
   9  37    333  4.111 .453 .964     2.70    151    321     56 0
   8   5     40   .625 .325 .900     6.50     13     36      2 0
   2 536   1072 268.00 .532 .558    30.00    570    598     19 1
  12  72    864  6.000 .228 .780     1.79    197    674    110 0
   8  53    424  6.625 .330 .894     1.63    140    379     86 0
   5  28    140  5.600 .329 .871     1.77     46    122     26 0
   9  26    234  2.889 .299 .953     1.67     70    223     42 0
  69   3    207   .043 .643 .952     2.08    133    197     64 1
   9  21    189  2.333 .175 .513     1.65     33     97     20 0
   9  10     90  1.111 .144 .522     6.50     13     47      2 1
   1   8      8  8.000 1.00 1.00     8.00      8      8      1 1
   2 536   1072 268.00 .568 .688    24.36    609    737     25 1
   8  21    168  2.625 .339 .673     1.97     57    113     29 0
   7 103    721 14.714 .295 .691     1.76    213    498    121 0
   9 122   1098 13.556 .378 .961     2.73    415   1055    152 0
   7  23    161  3.286 .373 .851     1.71     60    137     35 0
   3 541   1623 180.33 .710 .747    88.62   1152   1213     13 1
   8 240   1920 30.000 .193 .635     1.40    370   1220    264 0
   9  42    378  4.667 .429 .976     2.75    162    369     59 0
   8   1      8   .125 .875 1.00     7.00      7      8      1 1
   2  16     32  8.000 .250 .531     2.67      8     17      3 1
  10 197   1970 19.700 .144 .589     1.25    284   1160    228 0
   4   2      8   .500 1.00 1.00     8.00      8      8      1 1
  76   1     76   .013 1.00 1.00    76.00     76     76      1 1
  11   9     99   .818 .404 .717     4.44     40     71      9 0
   1 148    148 148.00 .986 1.00    73.00    146    148      2 1
   7  58    406  8.286 .212 .842     2.26     86    342     38 0
  10  51    510  5.100 .410 .667     3.12    209    340     67 0
   5  43    215  8.600 .233 .800     1.35     50    172     37 0
  10   7     70   .700 .429 .429    30.00     30     30      1 0
  10  75    750  7.500 .428 .909     2.28    321    682    141 0
   9  92    828 10.222 .350 .917     2.07    290    759    140 0
   1  51     51 51.000 .471 1.00     2.40     24     51     10 1
  10 100   1000 10.000 .410 .846     2.81    410    846    146 0
   7   8     56  1.143 .375 .964     1.62     21     54     13 0
  10  38    380  3.800 .426 .947     3.12    162    360     52 0
  10  60    600  6.000 .203 .595     1.44    122    357     85 0
  10 127   1270 12.700 .388 .798     2.35    493   1014    210 0
   9  22    198  2.444 .318 .909     2.42     63    180     26 0
   9  52    468  5.778 .370 .996     1.71    173    466    101 0
  25 118   2950  4.720 .268 .745     2.02    791   2198    392 0
  10  24    240  2.400 .267 .821     2.06     64    197     31 0
   5   9     45  1.800 .178 .533     1.60      8     24      5 1
   1  84     84 84.000 .917 1.00    19.25     77     84      4 1
   1 413    413 413.00 .998 1.00   412.00    412    413      1 1
   3  59    177 19.667 .475 .475    84.00     84     84      1 1
   5  43    215  8.600 .265 .786     1.33     57    169     43 0
   8 107    856 13.375 .384 .860     2.12    329    736    155 0
   1  36     36 36.000 .306 1.00     1.83     11     36      6 1
   6  14     84  2.333 .274 .893     1.64     23     75     14 0
   7  19    133  2.714 .331 .767     1.42     44    102     31 0
   8 190   1520 23.750 .326 .630     2.22    495    957    223 0
  11 207   2277 18.818 .268 .723     1.84    610   1647    332 0
   7 121    847 17.286 .272 .646     1.54    230    547    149 0
   7  27    189  3.857 .164 .397     2.58     31     75     12 0
   9  23    207  2.556 .324 .986     1.63     67    204     41 0
   9 123   1107 13.667 .359 .898     2.78    397    994    143 0
   1  52     52 52.000 .981 1.00    51.00     51     52      1 1
  15   1     15   .067 1.00 1.00    15.00     15     15      1 1
   6  17    102  2.833 .343 .873     1.30     35     89     27 0
  21 106   2226  5.048 .136 .396     1.99    302    881    152 0
   2 204    408 102.00 .412 .681    10.50    168    278     16 1
   7  46    322  6.571 .298 .994     2.18     96    320     44 0
  11   8     88   .727 .443 .466    39.00     39     41      1 0
   1  32     32 32.000 .719 1.00     5.75     23     32      4 1
   1  61     61 61.000 1.00 1.00    61.00     61     61      1 1
   2  18     36  9.000 .806 .833    29.00     29     30      1 1
   8  47    376  5.875 .324 .896     2.18    122    337     56 0
  10  65    650  6.500 .475 .971     2.76    309    631    112 0
   9  90    810 10.000 .260 .786     2.18    211    637     97 0
   9  36    324  4.000 .506 .901     2.83    164    292     58 0
  11  92   1012  8.364 .361 .851     2.30    365    861    159 0
  10  38    380  3.800 .432 .939     2.78    164    357     59 0
   1 102    102 102.00 .961 1.00    24.50     98    102      4 1
  12 117   1404  9.750 .220 .673     1.68    309    945    184 0
   9  32    288  3.556 .302 .674     2.17     87    194     40 0
   7  16    112  2.286 .241 .634     2.45     27     71     11 0
   1 106    106 106.00 .434 1.00     1.02     46    106     45 1
   8  74    592  9.250 .412 .845     2.14    244    500    114 0
  11  97   1067  8.818 .297 .666     2.40    317    711    132 0
   7 172   1204 24.571 .294 .967     2.07    354   1164    171 0
   2  63    126 31.500 .341 .508    10.75     43     64      4 1
   1 288    288 288.00 .424 1.00     1.02    122    288    120 1
   1  45     45 45.000 .244 1.00     1.38     11     45      8 1
  68  34   2312   .500 .224 .526     2.44    519   1215    213 1
   7   6     42   .857 .333 .762     4.67     14     32      3 0
   2  52    104 26.000 .231 .529     1.50     24     55     16 1
   9  80    720  8.889 .333 .878     2.02    240    632    119 0
  11  26    286  2.364 .283 .888     2.19     81    254     37 0
  83 314  26062  3.783 .282 .619     8.77   7353  16139    838 1
   9  47    423  5.222 .333 .757     2.39    141    320     59 0
  12   1     12   .083 1.00 1.00    12.00     12     12      1 1
  11  61    671  5.545 .361 .614     5.04    242    412     48 0
   8  53    424  6.625 .337 .889     1.64    143    377     87 0
   6  40    240  6.667 .221 .983     1.26     53    236     42 0
   9  82    738  9.111 .320 .947     2.13    236    699    111 0
   5  53    265 10.600 .223 .611     1.28     59    162     46 0
  10 271   2710 27.100 .173 .557     1.47    469   1510    318 0
   9  83    747  9.222 .293 .751     2.28    219    561     96 0
  11  14    154  1.273 .442 .981     2.43     68    151     28 0
   2 236    472 118.00 .566 .689    10.27    267    325     26 1
   5  39    195  7.800 .410 .867     1.67     80    169     48 0
  11  35    385  3.182 .335 .584     4.78    129    225     27 0
   8  67    536  8.375 .381 .746     2.49    204    400     82 0
  85  69   5865   .812 .165 .441     1.44    969   2588    674 1
   9  41    369  4.556 .425 .962     2.71    157    355     58 0
   9  77    693  8.556 .251 .560     1.87    174    388     93 0
  10  44    440  4.400 .393 .852     3.15    173    375     55 0
   2 535   1070 267.50 .564 .614    40.20    603    657     15 1
  10  33    330  3.300 .367 .864     1.95    121    285     62 0
 168 135  22680   .804 .820 .904    62.81  18591  20513    296 1
  10   1     10   .100 1.00 1.00    10.00     10     10      1 1
   8  40    320  5.000 .391 .991     2.08    125    317     60 0
   9  47    423  5.222 .492 .948     2.42    208    401     86 0
   9  33    297  3.667 .377 .842     2.24    112    250     50 0
  27   1     27   .037 1.00 1.00    27.00     27     27      1 1
   8  15    120  1.875 .258 .683     3.88     31     82      8 0
  10  22    220  2.200 .336 .836     2.74     74    184     27 0
   1  55     55 55.000 .564 1.00    10.33     31     55      3 1
  17  60   1020  3.529 .139 .371     7.10    142    378     20 1
   8  59    472  7.375 .292 .888     1.82    138    419     76 0
  10  35    350  3.500 .434 .803     2.34    152    281     65 0
  22  71   1562  3.227 .519 .843    11.25    810   1317     72 0
  12  67    804  5.583 .403 .704     3.68    324    566     88 0
  12  44    528  3.667 .261 .767     2.38    138    405     58 0
   9  41    369  4.556 .298 .775     1.90    110    286     58 0
  12 142   1704 11.833 .337 .759     3.04    575   1293    189 0
   9  96    864 10.667 .281 .815     1.96    243    704    124 0
   8  44    352  5.500 .426 .938     3.26    150    330     46 0
  11  85    935  7.727 .257 .894     1.67    240    836    144 0
   1  45     45 45.000 .756 1.00     5.67     34     45      6 1
   1  12     12 12.000 .667 1.00     4.00      8     12      2 1
   7  33    231  4.714 .342 .740     1.49     79    171     53 0
   9 174   1566 19.333 .178 .737     1.71    279   1154    163 0
  10  86    860  8.600 .423 .914     2.44    364    786    149 0
   1 379    379 379.00 .963 1.00    60.83    365    379      6 1
   8  70    560  8.750 .464 .988     2.36    260    553    110 0
   7  41    287  5.857 .425 .993     1.97    122    285     62 0
   1  10     10 10.000 1.00 1.00    10.00     10     10      1 1
   7  45    315  6.429 .200 .775     1.91     63    244     33 0
  10  49    490  4.900 .529 .939     3.01    259    460     86 0
   5  46    230  9.200 .278 .835     2.21     64    192     29 0
   7  14     98  2.000 .357 .959     1.84     35     94     19 0
   7  27    189  3.857 .238 .741     2.81     45    140     16 0
   7  17    119  2.429 .395 .782     1.81     47     93     26 0
   7 116    812 16.571 .309 .676     2.20    251    549    114 0
  11   9     99   .818 .485 .727     6.00     48     72      8 0
 304 463 140752  1.523 .063 .121     3.91   8898  17081   2273 1
   9 118   1062 13.111 .372 .818     2.41    395    869    164 0
   6  39    234  6.500 .303 .739     1.58     71    173     45 0
  10  29    290  2.900 .221 .572     3.56     64    166     18 0
  10  42    420  4.200 .317 .850     2.22    133    357     60 0
  11 271   2981 24.636 .168 .598     1.35    502   1784    371 0
   7 389   2723 55.571 .167 .584     1.19    455   1591    381 0
   1  29     29 29.000 .931 1.00    13.50     27     29      2 1
   8  75    600  9.375 .328 .888     1.86    197    533    106 0
  10  79    790  7.900 .385 .880     2.13    304    695    143 0
   1  14     14 14.000 .929 1.00    13.00     13     14      1 1
   2  21     42 10.500 .452 1.00     6.33     19     42      3 1
   8  67    536  8.375 .392 .724     2.31    210    388     91 0
   5   4     20   .800 .450 .650     4.50      9     13      2 1
   8  83    664 10.375 .357 .979     1.98    237    650    120 0
   1  17     17 17.000 .412 1.00     1.75      7     17      4 1
   9  43    387  4.778 .470 .948     3.31    182    367     55 0
   1  14     14 14.000 .643 1.00     4.50      9     14      2 1
 118 105  12390   .890 .052 .105     3.33    642   1296    193 1
   9  93    837 10.333 .278 .847     1.66    233    709    140 0
   9  33    297  3.667 .424 .970     1.85    126    288     68 0
  10  11    110  1.100 .427 1.00     1.52     47    110     31 0
   9  81    729  9.000 .328 .916     2.04    239    668    117 0
   2 537   1074 268.50 .621 .747    16.68    667    802     40 1
  10 125   1250 12.500 .190 .526     1.39    237    657    170 0
   8  54    432  6.750 .245 .745     1.29    106    322     82 0
   8  46    368  5.750 .391 .951     1.85    144    350     78 0
   9   2     18   .222 .611 .722    11.00     11     13      1 1
   7   4     28   .571 .286 .357     8.00      8     10      1 0
   7 122    854 17.429 .281 .626     1.73    240    535    139 0
   9 122   1098 13.556 .339 .947     2.57    372   1040    145 0
   9  32    288  3.556 .302 .781     2.07     87    225     42 0
  12 500   6000 41.667 .264 .595     2.45   1584   3568    646 0
  13   1     13   .077 1.00 1.00    13.00     13     13      1 1
   8  46    368  5.750 .318 .818     2.09    117    301     56 0
   6 142    852 23.667 .115 .173     6.53     98    147     15 1
   9   1      9   .111 1.00 1.00     9.00      9      9      1 1
   7  14     98  2.000 .102 .204    10.00     10     20      1 1
   8  23    184  2.875 .277 .832     1.70     51    153     30 0
   9  47    423  5.222 .385 .917     2.51    163    388     65 0
  10 271   2710 27.100 .193 .769     1.28    524   2084    409 0
  11  43    473  3.909 .336 .753     2.74    159    356     58 0
  10  31    310  3.100 .300 .813     3.32     93    252     28 0
   8 132   1056 16.500 .360 .921     2.10    380    973    181 0
  11 271   2981 24.636 .177 .588     1.49    527   1752    353 0
   9  84    756  9.333 .250 .955     1.83    189    722    103 0
   2  14     28  7.000 .464 .536    13.00     13     15      1 1
   5  34    170  6.800 .224 .606     1.31     38    103     29 0
   9 126   1134 14.000 .484 .953     2.83    549   1081    194 0
  36 172   6192  4.778 .128 .337     4.84    793   2086    164 1
   9  54    486  6.000 .292 .957     1.48    142    465     96 0
   6  20    120  3.333 .175 .792     1.50     21     95     14 0
   9  35    315  3.889 .263 .667     2.86     83    210     29 0
  10  58    580  5.800 .081 .224     1.62     47    130     29 0
   2  48     96 24.000 .625 .677    30.00     60     65      2 1
  28  32    896  1.143 .488 .743     7.05    437    666     62 1
  12  84   1008  7.000 .430 .703     3.52    433    709    123 0
   1  94     94 94.000 .564 1.00     3.31     53     94     16 1
   9  22    198  2.444 .298 .965     2.11     59    191     28 0
   9  82    738  9.111 .428 .936     2.38    316    691    133 0
  12 176   2112 14.667 .302 .599     2.61    637   1265    244 0
 160 286  45760  1.788 .201 .226    55.42   9199  10347    166 1
  12  83    996  6.917 .253 .756     1.75    252    753    144 0
   5  39    195  7.800 .344 .728     2.09     67    142     32 0
  10  34    340  3.400 .356 .803     1.83    121    273     66 0
  34  25    850   .735 .256 .534     2.06    218    454    106 1
  13 409   5317 31.462 .267 .582     2.23   1421   3095    637 0
   8  14    112  1.750 .277 .643     2.82     31     72     11 0
   8  74    592  9.250 .456 .887     2.48    270    525    109 0
  10  53    530  5.300 .294 .819     1.79    156    434     87 0
  12 118   1416  9.833 .309 .726     2.42    438   1028    181 0
   6 114    684 19.000 .278 .741     1.76    190    507    108 0
   8  46    368  5.750 .285 .791     1.42    105    291     74 0
   9  36    324  4.000 .568 .932     3.02    184    302     61 0
  12 118   1416  9.833 .350 .778     2.98    495   1102    166 0
  23   1     23   .043 1.00 1.00    23.00     23     23      1 1
   9  12    108  1.333 .426 1.00     1.64     46    108     28 0
 101  99   9999   .980 .140 .778     2.02   1398   7780    691 1
  10 101   1010 10.100 .466 .893     3.02    471    902    156 0
  10 271   2710 27.100 .187 .602     1.35    508   1632    375 0
   9  17    153  1.889 .183 .529     1.75     28     81     16 0
   1  17     17 17.000 .765 1.00     3.25     13     17      4 1
  12 102   1224  8.500 .292 .764     2.09    357    935    171 0
  10 116   1160 11.600 .273 .797     1.70    317    925    186 0
   8  33    264  4.125 .314 .705     2.13     83    186     39 0
   7   6     42   .857 .500 .548    21.00     21     23      1 0
  21   2     42   .095 .738 .738    31.00     31     31      1 1
  11  13    143  1.182 .420 .979     2.22     60    140     27 0
   5  29    145  5.800 .538 .890     2.36     78    129     33 0
  11 272   2992 24.727 .168 .595     1.43    504   1781    352 0
   8  28    224  3.500 .299 .969     1.60     67    217     42 0
   5   7     35  1.400 .371 .743     4.33     13     26      3 0
   9 198   1782 22.000 .289 .681     1.88    515   1213    274 0
   9  15    135  1.667 .178 .556     1.60     24     75     15 0
   8 135   1080 16.875 .077 .294     1.54     83    317     54 0
   6 184   1104 30.667 .323 .752     1.99    357    830    179 0
  10  49    490  4.900 .590 .982     3.11    289    481     93 0
  11   8     88   .727 .693 .989    10.17     61     87      6 0
   9  34    306  3.778 .379 .961     1.71    116    294     68 0
  12  80    960  6.667 .324 .673     2.45    311    646    127 0
   9  12    108  1.333 .454 1.00     1.69     49    108     29 0
   7  41    287  5.857 .226 .784     1.48     65    225     44 0
   8  33    264  4.125 .390 .973     1.72    103    257     60 0
   8 272   2176 34.000 .189 .688     1.32    411   1497    311 0
   1  15     15 15.000 .533 1.00     2.00      8     15      4 1
  11 102   1122  9.273 .223 .768     1.53    250    862    163 0
  17  77   1309  4.529 .314 .760     2.94    411    995    140 0
   8  42    336  5.250 .390 .940     2.43    131    316     54 0
   9  32    288  3.556 .299 .691     2.10     86    199     41 0
   9  46    414  5.111 .338 .872     1.67    140    361     84 0
   5  31    155  6.200 .239 .974     2.06     37    151     18 0
   9  75    675  8.333 .369 .936     2.09    249    632    119 0
   9  65    585  7.222 .463 .901     2.66    271    527    102 0
   1 159    159 159.00 .994 1.00   158.00    158    159      1 1
   9  20    180  2.222 .339 .872     2.35     61    157     26 0
  12  37    444  3.083 .410 .748     3.87    182    332     47 0
  12   8     96   .667 .792 1.00    15.20     76     96      5 0
   7 100    700 14.286 .294 .633     1.67    206    443    123 0
   3 470   1410 156.67 .352 .387    23.62    496    545     21 1
   6 187   1122 31.167 .188 .591     1.26    211    663    168 0
   2  22     44 11.000 .705 .864    15.50     31     38      2 1
   9  82    738  9.111 .309 .778     1.93    228    574    118 0
   9 264   2376 29.333 .261 .612     1.99    619   1455    311 0
   8  40    320  5.000 .403 .991     2.53    129    317     51 0
   9  81    729  9.000 .388 .897     2.38    283    654    119 0
  83 314  26062  3.783 .298 .671     8.75   7772  17482    888 1
   5   6     30  1.200 .333 .333    10.00     10     10      1 0
  12  62    744  5.167 .234 .660     1.58    174    491    110 0
  17 341   5797 20.059 .935 .998    36.38   5420   5784    149 1
  11   9     99   .818 .384 .727     3.80     38     72     10 0
  10 128   1280 12.800 .355 .751     2.25    455    961    202 0
   1  75     75 75.000 .813 1.00     5.55     61     75     11 1
  10  11    110  1.100 .373 1.00     1.58     41    110     26 0
   9  84    756  9.333 .407 .878     2.75    308    664    112 0
   2 537   1074 268.50 .538 .594    32.11    578    638     18 1
   9  44    396  4.889 .467 .944     3.14    185    374     59 0
   1   8      8  8.000 1.00 1.00     8.00      8      8      1 1
  13  83   1079  6.385 .373 .628     3.50    403    678    115 0
   7  58    406  8.286 .202 .751     2.34     82    305     35 0
  10  63    630  6.300 .251 .898     1.84    158    566     86 0
   8  26    208  3.250 .264 .620     1.45     55    129     38 0
   5 128    640 25.600 .759 .764   162.00    486    489      3 1
   2  14     28  7.000 .286 .821     8.00      8     23      1 1
   7  27    189  3.857 .101 .619     3.80     19    117      5 0
   2 536   1072 268.00 .586 .686    21.66    628    735     29 1
   9  12    108  1.333 .407 1.00     1.57     44    108     28 0
   1  52     52 52.000 .788 1.00    10.25     41     52      4 1
  25 300   7500 12.000 .065 .071    40.33    484    531     12 1
   9  82    738  9.111 .385 .935     2.29    284    690    124 0
  12   8     96   .667 .302 1.00     2.90     29     96     10 0
   5   4     20   .800 .350 .850     1.75      7     17      4 0
  32 106   3392  3.313 .198 .395     4.56    671   1341    147 1
  15  61    915  4.067 .247 .515     1.87    226    471    121 0
   2 446    892 223.00 .439 .603    17.82    392    538     22 1
  14 217   3038 15.500 .268 .632     2.12    813   1919    383 0
  11 119   1309 10.818 .261 .798     1.88    341   1045    181 0
   5  23    115  4.600 .226 1.00     1.63     26    115     16 0
   8 108    864 13.500 .293 .897     1.69    253    775    150 0
  11  98   1078  8.909 .397 .778     2.61    428    839    164 0
  23 271   6233 11.783 .126 .359     1.87    786   2239    420 0
   2  99    198 49.500 .253 .616     4.55     50    122     11 1
   9  46    414  5.111 .242 .737     1.47    100    305     68 0
   6  11     66  1.833 .197 .848     1.30     13     56     10 0
  10  12    120  1.200 .142 .317     2.83     17     38      6 0
  14   1     14   .071 1.00 1.00    14.00     14     14      1 1
   8  64    512  8.000 .336 .846     2.12    172    433     81 0
  10  80    800  8.000 .279 .800     1.92    223    640    116 0
   1 277    277 277.00 .993 1.00   137.50    275    277      2 1
   5   2     10   .400 .800 .800     8.00      8      8      1 1
   4 524   2096 131.00 .542 .603    40.57   1136   1264     28 1
   1  13     13 13.000 1.00 1.00    13.00     13     13      1 1
   9  13    117  1.444 .564 .863     3.88     66    101     17 0
   8  12     96  1.500 .438 1.00     1.50     42     96     28 0
   5   2     10   .400 .800 1.00     8.00      8     10      1 0
   1 127    127 127.00 .646 1.00    13.67     82    127      6 1
   8  45    360  5.625 .367 .897     2.44    132    323     54 0
   7  48    336  6.857 .292 .804     1.53     98    270     64 0
   9  43    387  4.778 .455 .899     2.98    176    348     59 0
   5 110    550 22.000 .547 .556   100.33    301    306      3 1
   3 286    858 95.333 .406 .427    87.00    348    366      4 1
  10 100   1000 10.000 .449 .874     2.82    449    874    159 0
 153 442  67626  2.889 .114 .215     6.27   7689  14538   1227 1
   5  99    495 19.800 .356 .881     1.50    176    436    117 0
   8 132   1056 16.500 .310 .861     1.84    327    909    178 0
  11  85    935  7.727 .250 .664     1.73    234    621    135 0
   6 101    606 16.833 .411 .876     1.93    249    531    129 0
   6  47    282  7.833 .202 .202    57.00     57     57      1 1
   1   8      8  8.000 1.00 1.00     8.00      8      8      1 1
   7   9     63  1.286 .143 .238     9.00      9     15      1 1
   9  43    387  4.778 .509 .959     3.58    197    371     55 0
   5  12     60  2.400 .383 .883     1.92     23     53     12 0
  11  21    231  1.909 .468 .719     7.20    108    166     15 0
   4  12     48  3.000 .146 1.00     1.00      7     48      7 0
   9 121   1089 13.444 .356 .817     2.20    388    890    176 0
   2 116    232 58.000 .616 .802    17.88    143    186      8 1
   9  47    423  5.222 .371 .825     2.75    157    349     57 0
  10  35    350  3.500 .331 .686     1.93    116    240     60 0
  11   8     88   .727 .409 .477    36.00     36     42      1 0
   9  34    306  3.778 .320 .886     1.56     98    271     63 0
  10  50    500  5.000 .472 .812     2.74    236    406     86 0
   1  39     39 39.000 .308 1.00     1.71     12     39      7 1
   9  99    891 11.000 .464 .942     2.52    413    839    164 0
   1  78     78 78.000 .949 1.00    24.67     74     78      3 1
  10  26    260  2.600 .312 .577     2.03     81    150     40 0
   7   4     28   .571 .357 .571     5.00     10     16      2 0
   8  17    136  2.125 .309 .676     2.33     42     92     18 0
  10  64    640  6.400 .477 .914     2.80    305    585    109 0
   9  62    558  6.889 .348 .869     2.23    194    485     87 0
   9  99    891 11.000 .270 .818     1.93    241    729    125 0
   8   6     48   .750 .542 .646    13.00     26     31      2 0
   8  43    344  5.375 .372 .956     2.10    128    329     61 0
   5  43    215  8.600 .405 .981     1.61     87    211     54 0
  10 108   1080 10.800 .297 .831     1.84    321    897    174 0
   9  49    441  5.444 .587 .961     3.12    259    424     83 0
   5 280   1400 56.000 .780 .786   156.00   1092   1100      7 1
  10 261   2610 26.100 .183 .515     1.49    477   1343    321 0
   7  33    231  4.714 .299 .848     1.44     69    196     48 0
   8  48    384  6.000 .328 .885     2.00    126    340     63 0
   9  81    729  9.000 .287 .826     2.22    209    602     94 0
  10  19    190  1.900 .363 .837     2.46     69    159     28 0
  10  47    470  4.700 .223 .706     1.62    105    332     65 0
   5  27    135  5.400 .407 .815     2.12     55    110     26 0
  11  67    737  6.091 .269 .689     2.96    198    508     67 0
  14 116   1624  8.286 .270 .649     2.12    439   1054    207 0
   6  89    534 14.833 .303 .790     1.82    162    422     89 0
   5   3     15   .600 .467 1.00     7.00      7     15      1 0
  10  12    120  1.200 .225 .558     2.70     27     67     10 0
  31   1     31   .032 1.00 1.00    31.00     31     31      1 1
   1  20     20 20.000 .850 1.00     8.50     17     20      2 1
   6   7     42  1.167 .238 .690    10.00     10     29      1 1
   7 182   1274 26.000 .203 .620     1.27    259    790    204 0
   8   4     32   .500 .438 .594     7.00     14     19      2 1
  12   4     48   .333 .292 1.00     2.00     14     48      7 1
   6  89    534 14.833 .403 .820     2.03    215    438    106 0
 178 140  24920   .787 .574 .649    21.52  14292  16177    664 1
   8  32    256  4.000 .336 .789     2.46     86    202     35 0
   1 180    180 180.00 .983 1.00    88.50    177    180      2 1
  13 291   3783 22.385 .285 .627     2.68   1080   2371    403 0
  12 230   2760 19.167 .164 .570     3.48    453   1572    130 0
  10 271   2710 27.100 .193 .693     1.37    522   1878    380 0
   7   7     49  1.000 .327 .898     2.29     16     44      7 0
   8  14    112  1.750 .268 .554     3.00     30     62     10 0
  11 252   2772 22.909 .092 .095    63.75    255    262      4 1
  13 116   1508  8.923 .279 .658     2.30    421    992    183 0
   2 538   1076 269.00 .519 .684    34.88    558    736     16 1
   4  15     60  3.750 .267 .800     4.00     16     48      4 0
   9  21    189  2.333 .487 .857     3.29     92    162     28 0
   9  16    144  1.778 .208 .542     2.14     30     78     14 0
  10   1     10   .100 1.00 1.00    10.00     10     10      1 1
  13   1     13   .077 1.00 1.00    13.00     13     13      1 1
   9  12    108  1.333 .407 .880     1.69     44     95     26 0
  10 179   1790 17.900 .200 .758     1.41    358   1356    254 0
   9   8     72   .889 .264 1.00     1.27     19     72     15 0
  23  47   1081  2.043 .315 .747     2.20    341    808    155 0
  11 101   1111  9.182 .253 .770     1.71    281    856    164 0
   4   6     24  1.500 .333 .792     2.00      8     19      4 0
  24  18    432   .750 .139 .377     2.07     60    163     29 1
   9  41    369  4.556 .444 .976     2.88    164    360     57 0
   9  75    675  8.333 .396 .914     2.21    267    617    121 0
   2  98    196 49.000 .480 .653     9.40     94    128     10 1
  13 408   5304 31.385 .281 .677     2.58   1492   3591    579 0
  30  60   1800  2.000 .154 .457     1.85    278    823    150 1
   8 263   2104 32.875 .154 .549     1.19    325   1156    274 0
  12  26    312  2.167 .276 .830     2.21     86    259     39 0
  12  26    312  2.167 .221 1.00     1.60     69    312     43 0
   1  42     42 42.000 .310 1.00     2.60     13     42      5 1
   1  36     36 36.000 .722 1.00     8.67     26     36      3 1
   5  19     95  3.800 .232 .400     5.50     22     38      4 0
  10 100   1000 10.000 .436 .910     2.53    436    910    172 0
  14 234   3276 16.714 .383 .634     4.20   1256   2077    299 0
   2 538   1076 269.00 .637 .703    29.78    685    756     23 1
   1  46     46 46.000 .239 1.00     1.38     11     46      8 1
   6  25    150  4.167 .340 .887     1.42     51    133     36 0
   8   6     48   .750 .500 .646     8.00     24     31      3 0
   1  10     10 10.000 1.00 1.00    10.00     10     10      1 1
   9 108    972 12.000 .376 .815     2.35    365    792    155 0
   6 172   1032 28.667 .294 .907     1.73    303    936    175 0
   2 325    650 162.50 .485 .537    28.64    315    349     11 1
  12  67    804  5.583 .350 .693     2.84    281    557     99 0
   2  32     64 16.000 .516 .531    33.00     33     34      1 1
  11   9     99   .818 .465 .687     5.75     46     68      8 0
   8  43    344  5.375 .349 .814     2.26    120    280     53 0
   9  46    414  5.111 .365 .848     2.01    151    351     75 0
   9 158   1422 17.556 .217 .535     1.45    308    761    212 0
   9  95    855 10.556 .284 .849     1.91    243    726    127 0
   7  31    217  4.429 .295 .857     1.64     64    186     39 0
   1  14     14 14.000 1.00 1.00    14.00     14     14      1 1
   2  31     62 15.500 .194 .516     2.00     12     32      6 0
   5   3     15   .600 .600 1.00     4.50      9     15      2 0
   1  67     67 67.000 .985 1.00    66.00     66     67      1 1
  86  67   5762   .779 .164 .935     2.37    947   5386    399 1
   3  54    162 18.000 .364 .519     8.43     59     84      7 1
   9  82    738  9.111 .329 .871     2.11    243    643    115 0
   8  45    360  5.625 .222 .806     1.90     80    290     42 0
   8  41    328  5.125 .393 .976     2.19    129    320     59 0
   9  78    702  8.667 .349 .863     2.17    245    606    113 0
  16  29    464  1.813 .144 .496     2.58     67    230     26 1
  11   8     88   .727 .375 .602     4.13     33     53      8 0
  13 115   1495  8.846 .314 .695     2.62    469   1039    179 0
  10  40    400  4.000 .338 .878     1.90    135    351     71 0
   2 536   1072 268.00 .505 .512   180.33    541    549      3 1
   9  76    684  8.444 .363 .874     2.18    248    598    114 0
  19  47    893  2.474 .078 .112     3.89     70    100     18 1
   8  11     88  1.375 .443 1.00     1.63     39     88     24 0
   8  76    608  9.500 .475 .870     2.73    289    529    106 0
  13 121   1573  9.308 .376 .690     3.72    591   1086    159 0
  10  19    190  1.900 .142 .326     3.00     27     62      9 0
   8  21    168  2.625 .363 .774     1.69     61    130     36 0
  10  94    940  9.400 .250 .721     1.70    235    678    138 0
  12 118   1416  9.833 .253 .767     1.95    358   1086    184 0
  10 271   2710 27.100 .249 .704     1.89    675   1908    358 0
   7  17    119  2.429 .555 .933     2.64     66    111     25 0
   9   4     36   .444 .250 .750     9.00      9     27      1 1
   7   2     14   .286 .500 .929     7.00      7     13      1 0
  12  84   1008  7.000 .282 .778     1.91    284    784    149 0
  83 277  22991  3.337 .180 .365     6.86   4138   8387    603 1
   2  24     48 12.000 .354 1.00     3.40     17     48      5 1
  12 117   1404  9.750 .251 .635     1.86    353    891    190 0
   8  99    792 12.375 .199 .662     1.39    158    524    114 0
   2   9     18  4.500 .556 .556    10.00     10     10      1 1
   7   1      7   .143 1.00 1.00     7.00      7      7      1 1
   9  12    108  1.333 .620 .944     4.79     67    102     14 0
   2  17     34  8.500 .588 .971     6.67     20     33      3 1
   1  44     44 44.000 .909 1.00    20.00     40     44      2 1
   2  50    100 25.000 .460 .510    15.33     46     51      3 1
   2  62    124 31.000 .452 .565    11.20     56     70      5 1
   9  82    738  9.111 .379 .879     2.35    280    649    119 0
   5  39    195  7.800 .492 .872     2.46     96    170     39 0
  10 271   2710 27.100 .267 .698     1.96    724   1892    369 0
   6  41    246  6.833 .224 .850     1.20     55    209     46 0
  10  98    980  9.800 .391 .835     2.41    383    818    159 0
   9  20    180  2.222 .261 .556     2.35     47    100     20 0
   1  14     14 14.000 .500 1.00     2.33      7     14      3 1
   8  40    320  5.000 .456 .997     2.70    146    319     54 0
  10  84    840  8.400 .279 .896     1.65    234    753    142 0
   7  17    119  2.429 .227 .580     2.70     27     69     10 0
   6  49    294  8.167 .241 .633     1.42     71    186     50 0
  14 340   4760 24.286 .259 .592     2.45   1232   2819    503 0
   5   7     35  1.400 .429 .886     2.50     15     31      6 0
  11  79    869  7.182 .342 .841     2.20    297    731    135 0
  14 301   4214 21.500 .257 .564     2.37   1084   2378    458 0
  11 118   1298 10.727 .260 .817     2.01    338   1061    168 0
   6  32    192  5.333 .292 .698     1.37     56    134     41 0
   9 108    972 12.000 .364 .794     2.15    354    772    165 0
   5   6     30  1.200 .367 .767     3.67     11     23      3 0
   6  13     78  2.167 .295 .897     1.64     23     70     14 0
  47   1     47   .021 1.00 1.00    47.00     47     47      1 1
  12  89   1068  7.417 .429 .879     3.50    458    939    131 0
   5  35    175  7.000 .200 .829     4.38     35    145      8 0
   9 107    963 11.889 .383 .858     2.22    369    826    166 0
  12  48    576  4.000 .252 .755     1.71    145    435     85 0
  12 103   1236  8.583 .353 .724     2.55    436    895    171 0
   7  10     70  1.429 .286 .886     1.82     20     62     11 0
   4  19     76  4.750 .276 .382     5.25     21     29      4 1
   9  27    243  3.000 .346 .951     1.95     84    231     43 0
   9  21    189  2.333 .354 .878     2.68     67    166     25 0
  10 125   1250 12.500 .456 .862     2.92    570   1078    195 0
   7  14     98  2.000 .327 1.00     1.60     32     98     20 0
   9  41    369  4.556 .507 .992     3.28    187    366     57 0
   9  85    765  9.444 .302 .812     1.82    231    621    127 0
   9  50    450  5.556 .496 .958     2.69    223    431     83 0
   1  95     95 95.000 1.00 1.00    95.00     95     95      1 1
   8  84    672 10.500 .269 .966     1.79    181    649    101 0
   8  16    128  2.000 .242 .602     1.94     31     77     16 0
   1  35     35 35.000 .857 1.00    10.00     30     35      3 1
  10  49    490  4.900 .520 .961     2.97    255    471     86 0
   9  37    333  4.111 .526 .898     3.18    175    299     55 0
   6  29    174  4.833 .339 .874     1.51     59    152     39 0
   6  17    102  2.833 .255 .745     1.18     26     76     22 0
  36  96   3456  2.667 .096 .207     7.70    331    717     43 1
   9  46    414  5.111 .292 .676     1.92    121    280     63 0
  10 126   1260 12.600 .425 .862     2.68    536   1086    200 0
   7  65    455  9.286 .316 .848     1.52    144    386     95 0
   1  49     49 49.000 .286 1.00     7.00     14     49      2 0
   9 123   1107 13.667 .362 .986     2.62    401   1091    153 0
  12  56    672  4.667 .256 .827     2.02    172    556     85 0
  15  14    210   .933 .110 .338     1.92     23     71     12 1
   8 133   1064 16.625 .272 .825     1.78    289    878    162 0
  10  12    120  1.200 .183 .392     2.20     22     47     10 0
   9  82    738  9.111 .337 .817     2.01    249    603    124 0
   9  38    342  4.222 .444 .898     2.71    152    307     56 0
   6 100    600 16.667 .345 .795     1.68    207    477    123 0
   9  49    441  5.444 .592 .998     2.97    261    440     88 0
   4 114    456 28.500 .393 .978     1.83    179    446     98 0
   8  14    112  1.750 .223 .661     3.57     25     74      7 0
   9  79    711  8.778 .343 .899     2.20    244    639    111 0
   9  37    333  4.111 .381 .808     2.05    127    269     62 0
  10  12    120  1.200 .208 .583     1.67     25     70     15 1
   9  43    387  4.778 .481 .953     3.15    186    369     59 0
   2 537   1074 268.50 .594 .655    21.27    638    703     30 1
   1  63     63 63.000 .952 1.00    20.00     60     63      3 1
   9  34    306  3.778 .310 .895     1.61     95    274     59 0
   7  63    441  9.000 .333 .971     1.99    147    428     74 0
   7  14     98  2.000 .490 .939     2.53     48     92     19 0
   3 304    912 101.33 .555 .686    42.17    506    626     12 1
   2  22     44 11.000 .750 .750    33.00     33     33      1 1
   8  41    328  5.125 .363 .942     1.63    119    309     73 0
  31 105   3255  3.387 .224 .417     5.35    728   1358    136 1
   1  13     13 13.000 .692 1.00     3.00      9     13      3 1
   1  14     14 14.000 .857 1.00    12.00     12     14      1 1
   1  10     10 10.000 .800 1.00     4.00      8     10      2 1
   8 108    864 13.500 .235 .618     1.41    203    534    144 0
  11  86    946  7.818 .413 .853     3.10    391    807    126 0
  17   2     34   .118 .706 .706    24.00     24     24      1 1
   6  29    174  4.833 .293 .920     1.50     51    160     34 0
  10  53    530  5.300 .343 .811     2.00    182    430     91 0
   9  92    828 10.222 .365 .954     2.20    302    790    137 0
   6  21    126  3.500 .198 .444     1.67     25     56     15 1
   4  16     64  4.000 .391 .938     1.67     25     60     15 0
  10  40    400  4.000 .428 .895     3.05    171    358     56 0
  10  99    990  9.900 .443 .912     2.64    439    903    166 0
   9  42    378  4.667 .381 .931     2.48    144    352     58 0
   1  73     73 73.000 .616 1.00     3.75     45     73     12 1
  18  79   1422  4.389 .257 .616     3.17    365    876    115 0
  10 121   1210 12.100 .415 .879     2.61    502   1063    192 0
  10 174   1740 17.400 .278 .733     2.02    483   1276    239 0
   9  37    333  4.111 .598 .946     3.49    199    315     57 0
   9  20    180  2.222 .461 1.00     2.59     83    180     32 0
   8   1      8   .125 1.00 1.00     8.00      8      8      1 1
   4   6     24  1.500 .417 .500    10.00     10     12      1 0
   9  23    207  2.556 .213 .507     1.57     44    105     28 0
  10 101   1010 10.100 .442 .855     2.92    446    864    153 0
   9  60    540  6.667 .413 .822     2.75    223    444     81 0
  22  71   1562  3.227 .499 .836    10.99    780   1306     71 0
  15 342   5130 22.800 .240 .548     2.49   1232   2810    495 0
   9  80    720  8.889 .293 .868     1.85    211    625    114 0
   7 116    812 16.571 .262 .788     1.84    213    640    116 0
   9  12    108  1.333 .444 1.00     1.78     48    108     27 0
   9  23    207  2.556 .300 1.00     1.51     62    207     41 0
   1 152    152 152.00 .822 1.00    11.36    125    152     11 1
  11   7     77   .636 .468 .481    36.00     36     37      1 0
   6  41    246  6.833 .232 .927     1.30     57    228     44 0
   2 176    352 88.000 .528 .605    31.00    186    213      6 1
  12  73    876  6.083 .257 .591     2.14    225    518    105 0
   7  42    294  6.000 .293 .857     2.61     86    252     33 0
   6  14     84  2.333 .274 .929     1.28     23     78     18 0
  32   1     32   .031 1.00 1.00    32.00     32     32      1 1
   7  29    203  4.143 .281 .842     1.46     57    171     39 0
   8  17    136  2.125 .353 .801     2.00     48    109     24 0
   8  37    296  4.625 .182 .649     1.35     54    192     40 0
   2 199    398 99.500 .485 .508    32.17    193    202      6 1
  10  83    830  8.300 .425 .860     2.92    353    714    121 0
   9  81    729  9.000 .332 .974     2.09    242    710    116 0
   8  30    240  3.750 .233 .833     1.24     56    200     45 0
  12  84   1008  7.000 .331 .792     2.35    334    798    142 0
   8 132   1056 16.500 .311 .873     2.01    328    922    163 0
   9  35    315  3.889 .590 .860     3.88    186    271     48 0
   2 475    950 237.50 .504 .544    95.80    479    517      5 1
   1  22     22 22.000 .955 1.00    21.00     21     22      1 1
   5  17     85  3.400 .400 .965     1.31     34     82     26 0
  31   1     31   .032 1.00 1.00    31.00     31     31      1 1
  14  19    266  1.357 .113 .504    30.00     30    134      1 1
   7   7     49  1.000 .286 .633     1.56     14     31      9 0
   9   1      9   .111 1.00 1.00     9.00      9      9      1 1
   9  46    414  5.111 .242 .575     1.43    100    238     70 0
   6  90    540 15.000 .394 .804     2.20    213    434     97 0
  13 116   1508  8.923 .292 .703     2.49    441   1060    177 0
  10  63    630  6.300 .294 .895     2.20    185    564     84 0
   9  86    774  9.556 .337 .757     2.19    261    586    119 0
  11   7     77   .636 .468 1.00     3.60     36     77     10 0
   4  18     72  4.500 .250 .528     2.57     18     38      7 0
  95  93   8835   .979 .675 .902     3.63   5966   7968   1644 1
   2  18     36  9.000 .722 .722    26.00     26     26      1 1
  11 104   1144  9.455 .367 .747     2.56    420    854    164 0
  12  43    516  3.583 .293 .791     2.29    151    408     66 0
   1  12     12 12.000 .583 1.00     3.50      7     12      2 0
  14 418   5852 29.857 .261 .619     2.16   1525   3625    707 0
  53  48   2544   .906 .181 .374     4.69    460    951     98 1
   9  19    171  2.111 .269 .643     1.35     46    110     34 0
 158 167  26386  1.057 .160 .276     8.24   4213   7279    511 1
   1   7      7  7.000 1.00 1.00     7.00      7      7      1 1
   9  83    747  9.222 .335 .843     2.05    250    630    122 0
  93   4    372   .043 .419 .565     2.89    156    210     54 1
  11   8     88   .727 .716 1.00     7.88     63     88      8 0
   7  17    119  2.429 .328 .731     1.44     39     87     27 0
   1 124    124 124.00 .444 1.00     7.86     55    124      7 1
   3 536   1608 178.67 .341 .353    61.00    549    567      9 1
  10 271   2710 27.100 .251 .754     1.88    679   2044    362 0
   7   8     56  1.143 .250 .768     1.56     14     43      9 0
   9  37    333  4.111 .390 .811     2.03    130    270     64 0
   1  14     14 14.000 .571 1.00     2.00      8     14      4 1
   6   6     36  1.000 .194 .417     3.50      7     15      2 1
   1  13     13 13.000 1.00 1.00    13.00     13     13      1 1
   9  21    189  2.333 .291 .762     1.57     55    144     35 0
   9  36    324  4.000 .552 .926     3.51    179    300     51 0
  53  48   2544   .906 .157 .269     7.84    400    685     51 1
   5   7     35  1.400 .400 .657     2.33     14     23      6 0
   1   9      9  9.000 .778 1.00     7.00      7      9      1 0
   9  44    396  4.889 .465 .944     3.35    184    374     55 0
  11   8     88   .727 .580 1.00     5.10     51     88     10 0
   7  19    133  2.714 .406 1.00     1.69     54    133     32 0
   9  68    612  7.556 .335 .789     2.33    205    483     88 0
   9  36    324  4.000 .540 .929     2.87    175    301     61 0
   8  36    288  4.500 .615 .938     3.22    177    270     55 0
   3 550   1650 183.33 .339 .401    15.11    559    662     37 1
   9   1      9   .111 1.00 1.00     9.00      9      9      1 1
  16  21    336  1.313 .095 .515     1.60     32    173     20 1
   4  28    112  7.000 .455 1.00     1.27     51    112     40 0
   9  82    738  9.111 .343 .913     2.02    253    674    125 0
   4   5     20  1.250 .350 .800     2.33      7     16      3 1
  13   5     65   .385 .123 .538     8.00      8     35      1 1
   5  12     60  2.400 .267 .733     1.78     16     44      9 0
   9   5     45   .556 .467 .556    10.50     21     25      2 0
  10  99    990  9.900 .473 .917     2.93    468    908    160 0
   6  22    132  3.667 .197 1.00     2.89     26    132      9 0
  10  19    190  1.900 .332 .695     3.71     63    132     17 0
   1  13     13 13.000 .692 1.00     4.50      9     13      2 1
  11  96   1056  8.727 .331 .954     4.32    350   1007     81 0
  11   8     88   .727 .545 1.00     3.20     48     88     15 0
  28  31    868  1.107 .492 .745     7.49    427    647     57 1
   7  47    329  6.714 .271 .878     2.23     89    289     40 0
   1  62     62 62.000 .984 1.00    61.00     61     62      1 1
   5  88    440 17.600 .364 .775     1.67    160    341     96 0
  10 249   2490 24.900 .462 .842     3.53   1151   2097    326 0
   8   7     56   .875 .321 .429     6.00     18     24      3 0
   6  28    168  4.667 .405 .804     1.84     68    135     37 0
   1  28     28 28.000 .964 1.00    27.00     27     28      1 1
   1  12     12 12.000 .583 1.00     3.50      7     12      2 0
   5   3     15   .600 .600 .867     4.50      9     13      2 0
  12   7     84   .583 .560 1.00     5.22     47     84      9 0
  13 152   1976 11.692 .312 .714     2.80    617   1410    220 0
  12  69    828  5.750 .400 .740     3.48    331    613     95 0
  52  48   2496   .923 .138 .248     7.67    345    619     45 1
  14  38    532  2.714 .244 .489     2.95    130    260     44 0
   1  52     52 52.000 .538 1.00    14.00     28     52      2 1
   1  11     11 11.000 1.00 1.00    11.00     11     11      1 1
  12  98   1176  8.167 .267 .627     2.33    314    737    135 0
  13   8    104   .615 .154 .769     1.07     16     80     15 1
  10 271   2710 27.100 .197 .748     1.38    533   2027    386 0
   7  23    161  3.286 .093 .540     1.36     15     87     11 0
   9  78    702  8.667 .329 .896     2.10    231    629    110 0
  10 101   1010 10.100 .450 .869     2.95    455    878    154 0
  13 414   5382 31.846 .357 .653     3.08   1919   3514    623 0
  12  61    732  5.083 .251 .746     1.77    184    546    104 0
   8  28    224  3.500 .308 .835     3.14     69    187     22 0
   8   3     24   .375 .458 .708     2.75     11     17      4 0
  12  66    792  5.500 .402 .780     3.03    318    618    105 0
   4 194    776 48.500 .263 .273    34.00    204    212      6 1
   9  40    360  4.444 .506 .964     3.08    182    347     59 0
   9  21    189  2.333 .323 .810     1.79     61    153     34 0
   9  76    684  8.444 .358 .795     2.19    245    544    112 0
  10 122   1220 12.200 .273 .540     2.03    333    659    164 0
  10  90    900  9.000 .501 .868     3.92    451    781    115 0
  10 271   2710 27.100 .176 .574     1.39    476   1556    342 0
   9  23    207  2.556 .304 1.00     1.62     63    207     39 0
   8  71    568  8.875 .238 .701     1.47    135    398     92 0
   9   7     63   .778 .302 .603     1.90     19     38     10 0
   1  41     41 41.000 .927 1.00    12.67     38     41      3 1
   7  12     84  1.714 .476 .762     2.86     40     64     14 0
   7   9     63  1.286 .349 .905     2.20     22     57     10 0
   9 238   2142 26.444 .168 .614     1.26    359   1316    285 0
   8 185   1480 23.125 .235 .659     1.82    348    975    191 0
  18   1     18   .056 1.00 1.00    18.00     18     18      1 1
   9  37    333  4.111 .396 .850     2.03    132    283     65 0
  42   7    294   .167 .282 .432     2.18     83    127     38 1
  10   8     80   .800 .575 .888     9.20     46     71      5 0
   8  36    288  4.500 .559 .944     3.04    161    272     53 0
  13  33    429  2.538 .245 .534     3.89    105    229     27 0
   9  47    423  5.222 .371 .865     2.75    157    366     57 0
   1  33     33 33.000 .667 1.00     3.67     22     33      6 1
  10  37    370  3.700 .354 .708     3.20    131    262     41 0
  10   4     40   .400 .375 .400    15.00     15     16      1 0
 163 161  26243   .988 .523 .897     8.40  13725  23547   1634 1
   8 272   2176 34.000 .197 .629     1.38    428   1369    310 0
   1  27     27 27.000 .407 1.00     1.83     11     27      6 1
  10  83    830  8.300 .357 .813     2.28    296    675    130 0
  10  34    340  3.400 .388 .891     2.10    132    303     63 0
   8  31    248  3.875 .327 .790     1.84     81    196     44 0
   2  20     40 10.000 .775 .850    31.00     31     34      1 1
  54 357  19278  6.611 .324 .644     6.22   6238  12422   1003 1
   9  51    459  5.667 .296 .786     2.34    136    361     58 0
   8  83    664 10.375 .398 .940     2.15    264    624    123 0
   9  80    720  8.889 .338 .954     2.04    243    687    119 0
  11 103   1133  9.364 .156 .576     1.44    177    653    123 0
   6  59    354  9.833 .268 .692     1.27     95    245     75 0
   9  24    216  2.667 .537 1.00     2.90    116    216     40 0
  10  61    610  6.100 .487 .834     3.13    297    509     95 0
   2  19     38  9.500 .237 1.00     1.80      9     38      5 0
   9  64    576  7.111 .307 .842     1.99    177    485     89 0
   1 184    184 184.00 .967 1.00    44.50    178    184      4 1
   8  69    552  8.625 .279 .687     1.50    154    379    103 0
 153 158  24174  1.033 .587 .641    46.95  14180  15491    302 1
   8  59    472  7.375 .322 .881     2.41    152    416     63 0
  10  38    380  3.800 .397 .887     2.70    151    337     56 0
   8  16    128  2.000 .398 .695     2.55     51     89     20 1
   1 107    107 107.00 .869 1.00    18.60     93    107      5 1
   1  22     22 22.000 .818 1.00     4.50     18     22      4 1
   8 126   1008 15.750 .188 .685     1.27    189    690    149 0
   7 175   1225 25.000 .337 .991     1.87    413   1214    221 0
  12 410   4920 34.167 .333 .661     2.69   1636   3254    608 0
  12  83    996  6.917 .301 .814     1.99    300    811    151 0
   1  44     44 44.000 .250 1.00     2.20     11     44      5 1
   1  35     35 35.000 .829 1.00     9.67     29     35      3 1
   5   4     20   .800 .500 .800    10.00     10     16      1 0
   9  11     99  1.222 .343 1.00     1.42     34     99     24 0
   9  33    297  3.667 .354 .781     1.84    105    232     57 0
  67  30   2010   .448 .169 .460     2.26    339    924    150 1
   3 537   1611 179.00 .353 .364    71.13    569    587      8 1
   9  35    315  3.889 .273 .654     1.65     86    206     52 0
  13  65    845  5.000 .302 .677     2.58    255    572     99 0
  10  86    860  8.600 .326 .844     1.85    280    726    151 0
   7   6     42   .857 .214 .286     9.00      9     12      1 0
   5  39    195  7.800 .338 .882     1.74     66    172     38 0
  12 116   1392  9.667 .246 .707     1.99    343    984    172 0
   8   1      8   .125 1.00 1.00     8.00      8      8      1 1
 187 141  26367   .754 .415 .884     4.69  10947  23301   2333 1
   7  14     98  2.000 .357 .867     1.75     35     85     20 0
   8  71    568  8.875 .312 .866     1.86    177    492     95 0
  10  38    380  3.800 .424 .939     2.78    161    357     58 0
  10 124   1240 12.400 .473 .814     3.43    587   1009    171 0
   9  92    828 10.222 .286 .885     1.93    237    733    123 0
   9   1      9   .111 1.00 1.00     9.00      9      9      1 1
   9  39    351  4.333 .444 .923     2.74    156    324     57 0
   5   7     35  1.400 .229 .600     2.67      8     21      3 1
   3  56    168 18.667 .065 .500     1.38     11     84      8 0
  11  83    913  7.545 .274 .900     1.71    250    822    146 0
   7   5     35   .714 .200 .429     7.00      7     15      1 0
   5  38    190  7.600 .426 .989     1.42     81    188     57 0
  13  25    325  1.923 .351 .680     6.00    114    221     19 0
  43  62   2666  1.442 .080 .170     6.63    212    454     32 1
   8  69    552  8.625 .312 .842     1.91    172    465     90 0
   8   8     64  1.000 .234 .328     5.00     15     21      3 0
  13  25    325  1.923 .234 .286    10.86     76     93      7 0
  16  44    704  2.750 .376 .744     2.39    265    524    111 0
  10  93    930  9.300 .206 .794     1.48    192    738    130 0
   3  27     81  9.000 .481 .926     1.77     39     75     22 0
   1  23     23 23.000 .348 1.00     1.60      8     23      5 1
  10 271   2710 27.100 .168 .612     1.29    454   1659    351 0
  12 101   1212  8.417 .292 .792     1.99    354    960    178 0
   8 240   1920 30.000 .194 .515     1.34    373    988    279 0
  10  98    980  9.800 .300 .781     1.72    294    765    171 0
   6  17    102  2.833 .275 .824     2.00     28     84     14 0
   8 127   1016 15.875 .314 .825     1.98    319    838    161 0
  14 300   4200 21.429 .263 .607     2.39   1106   2550    462 0
   9  42    378  4.667 .347 .915     2.34    131    346     56 0
   9  36    324  4.000 .565 .944     3.16    183    306     58 0
   1  16     16 16.000 1.00 1.00    16.00     16     16      1 1
   2  20     40 10.000 .675 .675    27.00     27     27      1 1
   8  28    224  3.500 .259 .844     1.93     58    189     30 0
   6  39    234  6.500 .192 .197    45.00     45     46      1 1
   6 181   1086 30.167 .298 .684     1.69    324    743    192 0
  34 114   3876  3.353 .105 .301     2.59    406   1166    157 0
  11  38    418  3.455 .328 .852     1.96    137    356     70 0
   8  46    368  5.750 .315 .938     1.78    116    345     65 0
  10  98    980  9.800 .463 .945     2.72    454    926    167 0
  10 272   2720 27.200 .187 .649     1.38    508   1765    368 0
  10  20    200  2.000 .435 .890     2.90     87    178     30 0
  11  77    847  7.000 .345 .874     2.43    292    740    120 0
   7  11     77  1.571 .117 .494     1.80      9     38      5 1
  13 106   1378  8.154 .306 .688     2.37    422    948    178 0
   9  46    414  5.111 .290 .838     2.18    120    347     55 0
   8  12     96  1.500 .469 1.00     1.61     45     96     28 0
  14  17    238  1.214 .113 .387     1.80     27     92     15 1
   9  82    738  9.111 .370 .924     2.39    273    682    114 0
  83 315  26145  3.795 .295 .594     9.21   7725  15523    839 1
   7  14     98  2.000 .327 .990     2.67     32     97     12 0
  10 130   1300 13.000 .486 .856     3.18    632   1113    199 0
   1  17     17 17.000 .882 1.00     7.50     15     17      2 1
  10  21    210  2.100 .362 .819     2.11     76    172     36 0
   9 123   1107 13.667 .390 .996     2.82    432   1103    153 0
   1  40     40 40.000 .875 1.00    11.67     35     40      3 1
   7  47    329  6.714 .158 .289     5.78     52     95      9 1
  10 147   1470 14.700 .168 .550     1.29    247    809    191 0
  13 277   3601 21.308 .293 .636     2.59   1054   2292    407 0
  22  47   1034  2.136 .319 .753     2.13    330    779    155 0
   9  39    351  4.333 .293 .937     2.06    103    329     50 0
  11   9     99   .818 .475 .636    15.67     47     63      3 0
   8  46    368  5.750 .266 .886     1.85     98    326     53 0
  33  28    924   .848 .098 .271     5.69     91    250     16 1
   9  47    423  5.222 .274 .747     2.42    116    316     48 0
   9 258   2322 28.667 .173 .581     1.28    401   1350    313 0
  11  33    363  3.000 .295 .694     1.98    107    252     54 0
  11  94   1034  8.545 .257 .604     2.18    266    625    122 0
   1  47     47 47.000 1.00 1.00    47.00     47     47      1 1
   9 272   2448 30.222 .277 .670     1.86    679   1640    365 0
   6   5     30   .833 .367 1.00     2.20     11     30      5 1
   8  46    368  5.750 .356 .927     2.11    131    341     62 0
   1  58     58 58.000 .845 1.00     9.80     49     58      5 1
   9  63    567  7.000 .284 .908     1.96    161    515     82 0
   8  15    120  1.875 .300 .642     1.57     36     77     23 0
   6  45    270  7.500 .456 .967     1.64    123    261     75 0
   8  38    304  4.750 .349 .757     1.93    106    230     55 0
  10 100   1000 10.000 .444 .924     2.64    444    924    168 0
   8  21    168  2.625 .208 .762     2.92     35    128     12 0
   9  95    855 10.556 .285 .723     2.10    244    618    116 0
   9  12    108  1.333 .380 1.00     1.46     41    108     28 0
 100  49   4900   .490 .093 .400     1.77    458   1958    259 1
   8  11     88  1.375 .159 .477     1.75     14     42      8 0
  11   8     88   .727 .250 1.00     2.44     22     88      9 0
   8  14    112  1.750 .143 1.00     2.67     16    112      6 0
   5  44    220  8.800 .241 .791     2.52     53    174     21 0
  34   1     34   .029 1.00 1.00    34.00     34     34      1 1
  11  35    385  3.182 .382 .657     6.13    147    253     24 0
   9  59    531  6.556 .492 .861     3.22    261    457     81 0
   9  99    891 11.000 .461 .906     2.65    411    807    155 0
   5  30    150  6.000 .360 .947     1.26     54    142     43 0
  11   8     88   .727 .705 1.00     7.75     62     88      8 0
  11  84    924  7.636 .262 .820     1.69    242    758    143 0
  12 122   1464 10.167 .260 .881     2.30    381   1290    166 0
  12   7     84   .583 .214 .583     3.60     18     49      5 0
   7  13     91  1.857 .154 .484     2.00     14     44      7 1
  10  78    780  7.800 .381 .856     2.52    297    668    118 0
  11 100   1100  9.091 .473 .882     3.29    520    970    158 0
   8  18    144  2.250 .215 .813     2.38     31    117     13 0
   1  69     69 69.000 .667 1.00     4.18     46     69     11 1
   8  46    368  5.750 .291 .886     2.23    107    326     48 0
  54 357  19278  6.611 .299 .655     6.40   5766  12626    901 1
   8 122    976 15.250 .227 .650     1.44    222    634    154 0
   1  20     20 20.000 .550 1.00     1.38     11     20      8 1
  10  51    510  5.100 .220 .841     1.29    112    429     87 0
   7  14     98  2.000 .255 .735     1.56     25     72     16 0
   1  98     98 98.000 .939 1.00    30.67     92     98      3 1
   8  21    168  2.625 .310 .744     1.68     52    125     31 0
  10 553   5530 55.300 .797 .884    21.30   4409   4890    207 1
   7  17    119  2.429 .412 .933     2.72     49    111     18 0
   8  75    600  9.375 .375 .860     2.05    225    516    110 0
  15  54    810  3.600 .323 .689     2.45    262    558    107 0
   8  20    160  2.500 .525 .938     3.50     84    150     24 0
   1  25     25 25.000 1.00 1.00    25.00     25     25      1 1
   1 206    206 206.00 .990 1.00   204.00    204    206      1 1
   1  47     47 47.000 .532 1.00    25.00     25     47      1 1
   5   5     25  1.000 .400 .520    10.00     10     13      1 0
  54   1     54   .019 1.00 1.00    54.00     54     54      1 1
   3 116    348 38.667 .385 .494    33.50    134    172      4 1
 174 471  81954  2.707 .339 .433    15.84  27820  35499   1756 1
   7  11     77  1.571 .351 .870     1.50     27     67     18 0
  12  26    312  2.167 .224 .907     1.63     70    283     43 0
 261  30   7830   .115 .063 .090     2.40    492    701    205 1
   8  37    296  4.625 .334 .993     1.29     99    294     77 0
   6  13     78  2.167 .128 .577     1.67     10     45      6 0
   8  12     96  1.500 .208 .771     1.11     20     74     18 0
  10   9     90   .900 .522 .656     9.40     47     59      5 0
  66   3    198   .045 .657 .909     2.60    130    180     50 1
   4   7     28  1.750 .286 1.00     2.00      8     28      4 1
   9  14    126  1.556 .127 .937     1.78     16    118      9 0
   7  12     84  1.714 .369 .857     1.55     31     72     20 0
 186 469  87234  2.522 .378 .529    22.29  33017  46133   1481 1
  10  35    350  3.500 .380 .829     2.02    133    290     66 0
   7  14     98  2.000 .296 .898     1.61     29     88     18 0
  11   2     22   .182 .636 .636    14.00     14     14      1 1
   9  21    189  2.333 .519 .942     3.27     98    178     30 0
   9  21    189  2.333 .497 .958     3.62     94    181     26 0
  38  70   2660  1.842 .059 .062    19.63    157    165      8 1
  28  31    868  1.107 .508 .767     7.47    441    666     59 1
   6  39    234  6.500 .466 .889     2.10    109    208     52 0
  54  48   2592   .889 .143 .264     6.85    370    685     54 1
   9  80    720  8.889 .333 .914     2.09    240    658    115 0
  58   3    174   .052 .339 .345    59.00     59     60      1 1
   9  98    882 10.889 .491 .974     2.78    433    859    156 0
   9  27    243  3.000 .346 .975     1.87     84    237     45 0
   8   8     64  1.000 .250 .672     1.60     16     43     10 0
   9   1      9   .111 1.00 1.00     9.00      9      9      1 1
   6  27    162  4.500 .154 .481     2.78     25     78      9 0
   7 115    805 16.429 .273 .704     1.72    220    567    128 0
   1  12     12 12.000 .750 1.00     9.00      9     12      1 1
   9   7     63   .778 .349 .683     2.20     22     43     10 0
   4   8     32  2.000 .344 .531     5.50     11     17      2 1
   9 107    963 11.889 .204 .683     1.42    196    658    138 0
  16   4     64   .250 .156 .531     5.00     10     34      2 1
   7  38    266  5.429 .301 .850     1.45     80    226     55 0
  10  12    120  1.200 .367 1.00     1.69     44    120     26 0
   6  15     90  2.500 .278 .744     1.92     25     67     13 0
   2  22     44 11.000 .477 1.00    21.00     21     44      1 1
   1   9      9  9.000 1.00 1.00     9.00      9      9      1 1
   9  77    693  8.556 .486 .970     2.63    337    672    128 0
  28 137   3836  4.893 .265 .564     5.05   1016   2163    201 0
   9  34    306  3.778 .288 .641     2.10     88    196     42 0
  63  66   4158  1.048 .491 .591    44.37   2041   2458     46 1
  10 108   1080 10.800 .319 .746     2.14    345    806    161 0
  12   8     96   .667 .615 .969     5.90     59     93     10 0
   9  99    891 11.000 .312 .826     2.16    278    736    129 0
   7  40    280  5.714 .229 .686     1.28     64    192     50 0
   8  23    184  2.875 .288 1.00     1.47     53    184     36 0
   3 183    549 61.000 .488 .577    29.78    268    317      9 1
   9  76    684  8.444 .436 .955     2.37    298    653    126 0
   5   8     40  1.600 .375 .475    15.00     15     19      1 0
   9 119   1071 13.222 .422 .965     2.34    452   1033    193 0
   1 106    106 106.00 .858 1.00    15.17     91    106      6 1
 132 547  72204  4.144 .370 .483    20.66  26693  34874   1292 1
   8  83    664 10.375 .294 .955     2.17    195    634     90 0
  12  50    600  4.167 .345 .627     2.72    207    376     76 0
  12  58    696  4.833 .343 .803     3.85    239    559     62 0
  12  43    516  3.583 .328 .789     2.56    169    407     66 0
   5  16     80  3.200 .425 1.00     1.36     34     80     25 0
   8   1      8   .125 1.00 1.00     8.00      8      8      1 1
  13  77   1001  5.923 .298 .700     2.40    298    701    124 0
   7  17    119  2.429 .412 .807     2.58     49     96     19 0
  37   1     37   .027 1.00 1.00    37.00     37     37      1 1
   5 333   1665 66.600 .374 .413    36.65    623    688     17 1
   9  82    738  9.111 .389 .920     2.33    287    679    123 0
   8  46    368  5.750 .348 .918     1.97    128    338     65 0
  11 101   1111  9.182 .267 .849     1.72    297    943    173 0
  11 115   1265 10.455 .266 .723     1.79    337    915    188 0
   2 536   1072 268.00 .498 .533    41.08    534    571     13 1
  10   1     10   .100 .900 1.00     9.00      9     10      1 1
   1  10     10 10.000 .800 1.00     4.00      8     10      2 0
   1 147    147 147.00 .864 1.00    11.55    127    147     11 1
   1 279    279 279.00 .964 1.00    38.43    269    279      7 1
   1  12     12 12.000 .583 1.00     1.75      7     12      4 0
   7  31    217  4.429 .221 .853     1.78     48    185     27 0
 306 465 142290  1.520 .055 .123     2.69   7861  17452   2925 1
   8  36    288  4.500 .465 .885     2.13    134    255     63 0
   6   5     30   .833 .233 .633     1.75      7     19      4 1
   6   9     54  1.500 .352 .870     1.58     19     47     12 0
   6  28    168  4.667 .143 .530     1.71     24     89     14 0
  11 100   1100  9.091 .269 .765     1.90    296    842    156 0
   1 199    199 199.00 .945 1.00    37.60    188    199      5 1
  23 118   2714  5.130 .293 .784     2.06    795   2129    385 0
  53   1     53   .019 1.00 1.00    53.00     53     53      1 1
   8   3     24   .375 .500 .667     3.00     12     16      4 0
   8  93    744 11.625 .261 .937     1.55    194    697    125 0
  10  64    640  6.400 .514 .966     2.84    329    618    116 0
   9  34    306  3.778 .225 .755     1.57     69    231     44 0
  31  71   2201  2.290 .159 .296    10.29    350    651     34 1
   9  40    360  4.444 .483 .992     2.85    174    357     61 0
  10  83    830  8.300 .295 .725     2.02    245    602    121 0
   9  32    288  3.556 .271 .594     2.23     78    171     35 0
  11  86    946  7.818 .289 .701     1.98    273    663    138 0
   9   6     54   .667 .500 .593    13.50     27     32      2 0
   1  15     15 15.000 .867 1.00    13.00     13     15      1 1
   9 109    981 12.111 .243 .848     1.58    238    832    151 0
   9 108    972 12.000 .389 .880     2.22    378    855    170 0
  38   1     38   .026 1.00 1.00    38.00     38     38      1 1
  25 115   2875  4.600 .296 .650     2.56    851   1868    333 0
   8  78    624  9.750 .244 .745     1.35    152    465    113 0
   1 214    214 214.00 1.00 1.00   214.00    214    214      1 1
   5   8     40  1.600 .425 1.00     1.89     17     40      9 0
   9  36    324  4.000 .556 .923     3.21    180    299     56 0
  12   8     96   .667 .438 .510    42.00     42     49      1 0
  29  31    899  1.069 .463 .726     6.93    416    653     60 1
  10  60    600  6.000 .223 .607     1.47    134    364     91 0
   1  26     26 26.000 1.00 1.00    26.00     26     26      1 1
   1  17     17 17.000 1.00 1.00    17.00     17     17      1 1
   9  29    261  3.222 .234 .709     1.30     61    185     47 0
   1   8      8  8.000 1.00 1.00     8.00      8      8      1 1
  10 131   1310 13.100 .439 .845     2.79    575   1107    206 0
